# Task 九九
## テーマ：　forループの中のforループ



* 以下にあるリストから「出力」のようにデータを表示しなさい。

注意
- `range()`を使用すること！
- `print()`で改行をしたくないときは、attributeに `end=` をつけ、空白スペースを指定すると良い  例 `print(???, end=" ")
- `.format()`を使って数字の間のスペースを均一にすること！ [このページを参考にすると良い](https://docs.python.jp/3/tutorial/inputoutput.html)

#### スタートコード (これはコピペしても良い)    *  **???** の箇所を自分のコードに置き換えること
```python
for ???:
    for ???:
        ???
    ???

```

出力
```
 1  2  3  4  5  6  7  8  9
 2  4  6  8 10 12 14 16 18
 3  6  9 12 15 18 21 24 27
 4  8 12 16 20 24 28 32 36
 5 10 15 20 25 30 35 40 45
 6 12 18 24 30 36 42 48 54
 7 14 21 28 35 42 49 56 63
 8 16 24 32 40 48 56 64 72
 9 18 27 36 45 54 63 72 81
```

